Australian Bureau of Statistics

"2016 Census - Counting Persons, Place of Usual Residence (MB)"
"CED (UR) by RLHP Relationship in Household"
"Counting: Persons Place of Usual Residence"

Filters:
"Default Summation","Persons Place of Usual Residence"

"RLHP Relationship in Household","Husband, Wife or Partner in a registered marriage","Husband, Wife or Partner in de facto marriage, opposite-sex couple","Husband, Wife or Partner in de facto marriage, male same-sex couple","Husband, Wife or Partner in de facto marriage, female same-sex couple","Lone parent","Natural or adopted child under 15","Step child under 15","Foster child under 15","Grandchild under 15","Otherwise related child under 15","Unrelated child under 15","Natural or adopted dependent student","Dependent student step child","Dependent student foster child","Non-dependent natural, or adopted child","Non-dependent step child","Non-dependent foster child","Brother/sister","Father/mother","Non-dependent grandchild","Grandfather/grandmother","Cousin","Uncle/aunt","Nephew/niece","Other related individual (nec)","Unrelated individual living in family household","Group household member","Lone person","Visitor (from within Australia)","Other non-classifiable relationship","Not applicable","Total",
"CED (UR)",
"Banks",60913,5765,212,222,6725,25058,749,62,185,105,65,8848,518,7,11500,732,3,2130,1652,266,152,258,128,439,198,3208,4264,11190,2963,4541,2756,155804,
"Barton",62500,8362,821,572,6727,24984,652,34,171,100,55,7854,409,4,11257,615,5,2906,1686,271,123,399,143,500,223,5197,9636,11861,3645,7035,4087,172852,
"Bennelong",67151,7056,257,239,5621,26392,644,22,102,78,45,9283,411,7,9691,481,6,2188,1549,182,93,201,102,403,188,3704,7950,12426,3144,4264,5095,168948,
"Berowra",64883,4499,105,123,4180,26079,723,49,111,47,47,10757,635,9,10327,721,7,987,1271,148,82,61,33,239,104,1312,1466,6746,2559,2912,3918,145132,
"Blaxland",61087,3712,126,93,7851,33254,819,42,240,195,130,10323,501,8,14065,769,11,2984,1755,291,140,400,188,630,268,4116,6942,9238,4058,7359,3043,174633,
"Bradfield",69958,4725,207,156,4884,29720,670,31,59,58,44,11759,576,0,7802,425,3,1333,1143,143,76,155,61,279,83,1749,2913,9591,2679,3496,5477,160251,
"Calare",52685,11024,188,246,7017,26785,1609,266,427,148,61,5251,615,49,7162,690,10,945,706,278,129,72,56,114,67,1189,3677,16432,6016,8832,8549,161298,
"Chifley",58827,6982,147,200,9636,34382,1280,191,545,327,82,9732,712,24,14688,1183,19,2420,1941,478,204,290,143,605,253,2248,2713,8124,3702,6944,2237,171251,
"Cook",53802,7887,142,174,5387,22648,708,38,97,37,21,7042,528,0,9068,721,0,1116,953,224,117,84,57,163,94,959,2912,12639,3342,4755,3351,139060,
"Cowper",53245,11301,189,344,8249,23208,1363,159,469,165,42,5062,614,23,7098,760,10,1042,1004,340,145,75,64,120,121,1616,4563,18300,6096,7237,6282,159322,
"Cunningham",53520,9533,190,291,6668,24313,906,61,216,88,32,6990,592,8,8909,686,6,1290,805,289,153,51,51,129,114,1572,7237,14860,4841,5221,5744,155381,
"Dobell",51394,10418,205,298,8356,25704,1642,279,386,117,61,6094,781,35,9412,1231,20,1233,1249,369,168,45,68,132,113,1786,3399,13844,4748,5606,4892,154063,
"Eden-Monaro",52288,11721,206,289,5365,22690,1333,114,282,81,34,5073,646,24,6400,706,16,862,639,193,89,48,39,98,73,959,2746,15201,6013,7283,6035,147532,
"Farrer",56226,10924,100,180,6386,26251,1356,192,422,135,46,5095,500,21,7193,649,11,973,591,279,118,76,58,103,78,1006,3984,17604,6908,9495,7007,163981,
"Fowler",57011,4233,101,79,9695,27439,950,70,292,274,142,10634,572,13,16164,838,12,3044,2115,330,145,349,255,699,299,2985,2933,8364,3901,7534,2761,164235,
"Gilmore",55410,10206,155,309,6555,20418,1209,276,371,94,47,4533,576,37,6965,789,12,834,835,301,123,39,53,93,85,1190,2923,16169,7120,6418,6288,150435,
"Grayndler",42621,14256,1528,1458,4931,20709,675,46,89,49,20,4422,340,3,5397,346,4,1856,664,172,91,218,81,219,128,2667,12569,15789,3884,8636,5642,149514,
"Greenway",68722,6396,160,200,6433,35268,1170,131,251,140,81,9414,724,14,11106,1036,10,1986,1692,231,114,247,92,466,173,2032,3244,7625,2881,4984,3042,170068,
"Hughes",60169,7160,162,196,5052,27622,911,68,118,65,30,8250,638,12,10405,929,9,1006,970,180,90,77,44,160,74,983,1559,7667,2908,2836,3927,144288,
"Hume",57081,9712,162,257,5918,27499,1486,277,256,93,51,6208,729,29,9435,1174,24,948,1088,264,112,45,62,136,86,1257,1914,10174,4240,5374,4545,150643,
"Hunter",54092,11396,187,276,7603,26059,1647,243,424,130,57,5515,743,36,8716,1078,15,977,950,373,168,69,63,117,91,1393,2947,13347,5651,5778,6657,156796,
"Kingsford Smith",52151,13123,621,451,6131,23860,681,40,135,63,31,6568,433,3,8398,501,5,2673,1023,274,143,235,113,339,164,3708,16519,15977,4022,8581,9265,176232,
"Lindsay",56201,11178,173,313,8737,30768,1643,242,383,175,61,7072,774,35,11846,1371,13,1715,1471,368,141,125,106,298,132,1908,3222,11171,4078,6637,4163,166527,
"Lyne",55091,9569,150,179,6520,20213,1203,262,421,127,56,4676,535,43,6868,693,20,814,874,331,135,47,55,100,70,1165,2962,15509,5966,5961,4853,145480,
"Macarthur",57196,9275,138,242,8720,31272,1482,273,449,221,91,7834,764,35,12866,1325,9,1732,1621,365,148,154,98,361,147,1733,2346,8695,3801,6180,2433,162020,
"Mackellar",58962,8778,141,219,4760,26304,873,39,92,35,46,7635,582,4,8264,722,6,978,967,174,94,73,38,143,96,1883,2712,10837,3694,4693,4775,148607,
"Macquarie",51466,9388,342,478,6006,23541,1302,199,241,76,39,6260,708,25,8779,959,21,829,909,259,114,42,50,112,87,1267,2860,11770,3949,4885,4479,141441,
"McMahon",61291,5316,89,114,8163,31047,913,83,256,228,84,9582,535,17,16115,980,12,2586,1734,332,138,285,161,423,213,2151,2882,8479,3525,5754,2210,165697,
"Mitchell",68814,4737,128,152,4528,31296,935,86,104,72,27,10141,683,18,10480,856,5,1099,1480,166,70,92,58,285,81,1157,2034,6230,2345,2484,2814,153450,
"New England",50751,10560,104,216,6920,24535,1410,207,409,153,62,4516,507,39,6458,613,8,1093,641,320,147,75,62,138,66,1312,3949,16363,6534,8298,7723,154187,
"Newcastle",47124,11778,326,475,6979,23213,978,123,282,80,54,5620,595,33,7164,707,12,1515,647,268,148,86,60,140,97,1766,9793,16985,5164,3506,7237,152949,
"North Sydney",58569,12265,627,344,4588,24849,661,14,46,35,29,7028,404,8,5350,356,0,1814,634,110,69,135,58,211,92,1781,7410,17306,3465,6837,6451,161524,
"Page",53024,11801,232,282,7912,23688,1306,250,412,163,75,5263,649,51,7621,762,5,1228,935,331,142,64,71,161,116,1681,4337,16993,6258,8335,4966,159107,
"Parkes",47273,11478,82,148,7536,25442,1316,245,658,270,86,3830,447,31,7070,573,15,1156,717,520,214,125,92,201,159,1322,3016,16441,6530,10056,6721,153770,
"Parramatta",71499,5685,281,224,6746,32584,738,43,172,122,74,8432,415,0,10599,594,5,3124,1792,209,87,472,155,511,206,4018,8171,12611,3449,8467,4833,186324,
"Paterson",54088,11543,147,284,7822,26319,1736,289,418,120,61,5533,796,29,8553,1023,11,1082,895,361,173,72,55,135,82,1324,2990,13713,5429,6077,4470,155632,
"Reid",65912,9412,420,382,5901,24857,544,24,85,58,52,8301,456,7,9281,481,0,2793,1465,214,110,373,103,416,163,5269,12855,12873,3644,8518,6360,181347,
"Richmond",49967,11706,253,304,7365,21839,1001,118,216,87,40,5110,551,17,6934,645,13,1016,947,265,129,53,44,97,94,1923,5706,16678,5579,8789,5422,152911,
"Riverina",52647,10187,86,213,6660,26150,1409,187,347,128,53,4937,544,32,7031,640,13,1121,594,308,132,67,47,101,77,1065,3709,16187,5724,7311,8088,155790,
"Robertson",50985,9540,243,288,6811,22183,1037,91,224,93,43,5921,611,17,8179,892,12,1006,955,253,110,47,64,100,82,1390,3591,14987,4554,4652,4130,143099,
"Shortland",53508,9904,148,225,7243,22975,1289,182,310,86,49,6050,667,21,8599,967,13,890,917,355,155,60,48,122,76,1239,2878,13752,4892,3307,3555,144483,
"Sydney",36328,22234,5327,1420,3962,11507,367,16,90,60,22,2484,221,7,3151,233,6,3447,451,140,80,414,103,210,147,6291,34566,29221,5495,16501,15689,200179,
"Warringah",53182,12144,349,271,4348,25452,704,29,50,40,26,7016,437,10,5573,427,5,1093,574,135,63,83,46,131,49,1561,5300,13860,3437,6199,4739,147334,
"Watson",63753,4550,211,266,7580,31958,820,37,156,121,91,10116,524,5,13748,653,4,2750,1667,282,124,412,170,548,270,3451,6533,10218,3553,7179,3083,174807,
"Wentworth",42027,14173,1315,474,3881,19533,570,11,28,28,18,5201,349,0,3943,237,0,1308,386,99,68,99,49,107,56,1667,11667,17427,3832,10922,6481,145952,
"Werriwa",62573,5290,76,111,8286,34821,1093,141,406,256,77,11644,659,19,16129,1096,10,2144,2079,371,154,193,138,528,194,1701,1536,6756,3310,7176,1938,170906,
"Whitlam",56482,9190,181,197,7564,25172,1365,188,354,124,66,6297,759,30,9916,1162,10,1002,1057,385,153,49,52,147,87,1334,2285,12547,4591,4974,4552,152281,
"No usual address (NSW)",0,0,0,0,0,0,0,0,0,0,0,0,0,0,0,0,0,0,0,0,0,0,0,0,0,0,0,0,9716,0,2568,12288,
"Migratory - Offshore - Shipping (NSW)",0,0,0,0,0,0,0,0,0,0,0,0,0,0,0,0,0,0,0,0,0,0,0,0,0,0,0,0,8,0,408,419,
"Aston",55184,6956,80,153,5559,21743,827,55,125,56,41,8604,647,4,10115,891,4,1240,1005,178,72,95,63,236,95,1324,2306,9072,3081,3106,3092,136015,
"Ballarat",50964,11436,328,354,6859,25557,1333,98,224,95,66,6027,733,15,7404,743,14,1097,607,171,74,56,45,89,80,1110,4905,16141,6026,6630,5201,154479,
"Batman",49019,12637,613,1118,6015,22947,646,11,138,64,54,6341,393,7,8194,397,3,2287,832,240,121,235,89,252,144,2599,12311,16819,4442,7796,5210,161968,
"Bendigo",50228,11011,259,380,6688,24071,1373,72,246,74,40,5859,606,21,6742,667,11,1085,564,231,103,93,41,77,79,1140,4594,15820,5645,6949,5667,150428,
"Bruce",61451,4554,112,127,6526,24071,665,8,130,125,64,9477,478,0,10106,601,9,2408,1471,226,110,335,140,474,205,3006,6499,10511,3516,5413,4195,157007,
"Calwell",62492,5161,90,96,7673,30077,821,18,283,166,66,11830,510,4,15622,908,0,2039,1390,247,115,198,92,306,188,1438,2717,8161,3731,6526,2433,165410,
"Casey",52662,10724,139,201,6184,24084,1325,43,194,66,50,6904,733,12,9332,1123,9,1064,807,172,75,54,45,127,105,1303,2145,10594,4445,4340,3707,142764,
"Chisholm",58127,6928,234,236,5905,22936,582,20,95,58,51,8810,438,5,8172,419,6,2240,1106,175,87,284,75,300,165,3730,13765,13578,3682,5006,7218,164432,
"Corangamite",56022,10506,169,281,5258,26527,1112,56,133,46,35,6483,672,11,6364,622,4,952,443,126,64,54,40,79,69,1041,4486,13488,6404,5219,5972,152745,
"Corio",49368,10279,180,279,7458,22789,1100,43,238,78,36,6207,590,7,8001,790,0,1197,654,250,129,95,53,103,116,1198,4423,16788,5378,6071,6009,149917,
"Deakin",56836,7490,214,177,5783,24680,707,23,87,48,31,7943,553,8,7817,592,4,1451,885,170,80,162,75,235,104,1481,4032,13486,3430,3542,4642,146766,
"Dunkley",49462,10832,185,260,7374,23070,1130,53,214,64,38,6219,747,16,8429,1009,13,1189,817,199,93,58,46,123,109,1268,3329,15120,4590,6015,4313,146376,
"Flinders",55529,11566,129,299,6297,23198,1299,59,192,53,38,5617,688,18,7650,976,9,866,763,188,88,33,29,83,83,1118,2463,15217,7147,6104,5684,153496,
"Gellibrand",53668,12126,788,699,6912,25767,738,12,147,110,78,6968,463,10,9121,543,6,2592,906,250,126,343,129,366,170,2571,9098,15835,4378,7289,3657,165874,
"Gippsland",48667,10555,106,198,5959,21056,1299,126,278,95,67,4711,557,16,5973,662,4,829,457,200,98,38,45,88,73,871,3039,16385,6900,7619,6036,143030,
"Goldstein",57218,7914,306,273,4814,25398,673,12,67,37,19,9698,607,3,6559,449,4,1038,614,118,71,76,34,143,65,985,3624,13406,3449,4771,5189,147624,
"Gorton",70014,9850,205,231,9268,40917,1516,60,441,302,95,10671,921,10,13311,1222,3,2401,1744,266,117,284,117,498,235,2121,3002,9446,4161,8180,3064,194692,
"Higgins",49466,12291,1108,328,4077,19883,472,4,45,44,25,7378,412,0,5076,282,0,2045,502,111,74,204,61,166,80,1803,12023,19802,4233,7137,4809,153939,
"Holt",74460,10018,153,208,8687,40802,1746,48,339,233,104,11206,961,18,13483,1347,13,2571,1991,277,129,342,136,512,232,2433,3522,9320,4221,7787,2579,199865,
"Hotham",57459,6786,233,206,6544,24614,752,15,161,98,62,8089,560,3,9935,692,0,2271,1240,250,118,289,97,419,174,2594,5278,11281,3405,4590,3060,151284,
"Indi",49016,10455,137,168,5549,21332,1332,86,225,65,47,4756,526,16,5530,559,10,778,493,189,87,30,39,73,73,826,2932,15299,6844,6357,6344,140185,
"Isaacs",57383,9921,180,287,6756,27338,1035,35,175,112,64,8094,724,8,9452,853,0,1693,1144,231,103,162,89,318,102,1645,3839,13560,3904,5475,3961,158653,
"Jagajaga",54276,8413,197,278,5470,23886,673,28,134,48,31,8132,516,13,8519,602,0,1314,624,179,90,104,35,139,72,1111,3301,11480,3490,3911,4235,141300,
"Kooyong",53093,7714,347,234,4475,22181,537,0,56,72,27,10601,519,0,6286,335,3,1770,639,110,59,163,64,243,81,1525,6931,13080,3560,4608,6098,145397,
"La Trobe",60728,10045,176,223,5813,30133,1182,64,171,73,33,9675,916,22,9799,1119,9,1179,1004,147,74,70,41,205,107,1303,2267,8806,3803,4714,3048,156961,
"Lalor",87492,12167,394,392,9402,50903,1862,40,354,242,125,11011,981,17,12389,1278,9,3039,1908,260,108,425,115,594,226,3001,4505,11178,4770,8925,3876,231980,
"Mallee",48252,9018,98,119,5434,20992,1251,116,271,118,70,4878,547,26,5926,484,15,916,453,240,91,64,52,105,103,966,3377,16219,5774,7361,5259,138597,
"Maribyrnong",58819,7975,343,259,7569,24903,768,26,151,155,99,9127,551,3,11479,669,9,2830,1200,268,131,374,127,457,215,2890,6703,13847,4279,6945,3244,166420,
"McEwen",78105,14039,268,375,8672,43750,1833,73,329,152,59,10258,1059,10,12393,1350,9,1785,1416,212,103,168,72,235,136,1753,2775,11447,5192,8583,3911,210529,
"McMillan",58098,12364,141,283,7335,29097,1679,119,295,132,51,6420,857,19,7897,953,5,1168,793,213,98,62,46,126,115,1260,2973,15995,6677,7770,4293,167327,
"Melbourne",40117,22069,1959,975,5297,16537,510,13,114,82,43,4342,292,3,4215,262,0,4855,437,127,73,565,114,225,208,3793,38308,29757,6199,14793,12295,208588,
"Melbourne Ports",41941,17836,1598,708,3938,16901,438,12,42,47,25,4435,293,0,3503,245,5,2322,296,97,56,246,50,109,94,1674,14892,25396,4552,11827,7140,160704,
"Menzies",60054,4814,101,127,4795,21135,551,12,88,52,46,9641,598,8,9730,557,4,1246,1078,153,76,88,58,255,84,1403,2231,8367,3074,3099,4008,137534,
"Murray",50804,9451,94,103,5987,22787,1258,77,319,89,36,5426,569,18,6705,612,4,864,575,214,79,53,52,124,84,991,3209,15308,6417,7516,5557,145367,
"Scullin",67159,6988,145,170,7138,29812,827,31,231,115,71,9623,551,5,13691,864,9,1981,1366,279,104,234,85,320,193,1866,3469,8922,3616,5222,2889,167967,
"Wannon",46372,9366,95,151,5208,19991,1100,113,235,50,45,4565,545,20,5980,559,7,742,349,187,79,36,28,78,87,738,3278,15663,5780,6185,6151,133777,
"Wills",52630,13695,743,815,5942,24713,621,15,95,62,29,6464,401,0,8862,423,0,2510,773,202,108,300,101,237,156,2658,14205,17222,4562,7274,3823,169648,
"No usual address (Vic.)",0,0,0,0,0,0,0,0,0,0,0,0,0,0,0,0,0,0,0,0,0,0,0,0,0,0,0,0,5926,0,1641,7572,
"Migratory - Offshore - Shipping (Vic.)",0,0,0,0,0,0,0,0,0,0,0,0,0,0,0,0,0,0,0,0,0,0,0,0,0,0,0,0,0,0,24,26,
"Blair",47919,12831,218,344,8380,29255,2263,192,390,192,104,5451,828,24,8220,1044,17,1542,1091,317,140,120,90,193,151,2111,3994,11746,4780,7907,4468,156321,
"Bonner",55142,9431,233,302,6140,25869,1178,37,165,90,69,7421,674,16,8010,757,4,1633,1037,213,99,130,86,234,119,2160,4982,10795,3863,4167,4600,149634,
"Bowman",56740,10258,159,220,6306,24115,1646,86,200,88,42,6672,793,11,8272,1066,3,1122,1061,211,95,59,45,125,101,1634,2883,10888,4403,3593,4101,147011,
"Brisbane",43651,15973,1213,589,4132,19460,777,10,63,40,29,5468,406,6,3906,346,3,2524,359,96,57,199,62,138,91,2827,17987,20441,5355,8960,8729,163890,
"Capricornia",48453,11804,94,194,5979,26019,1598,140,286,118,66,4516,572,20,6498,705,0,1112,716,240,99,70,60,150,80,1339,3379,12728,5712,7919,10061,150717,
"Dawson",50549,12591,106,201,6114,25995,1581,120,315,79,57,4963,619,15,6545,712,6,1121,700,227,93,87,52,127,92,1362,4257,13747,5610,7220,11043,156313,
"Dickson",56480,10236,192,333,5924,28122,1634,76,206,88,51,7022,801,11,8128,912,3,1211,1044,202,81,79,52,156,104,1530,2653,8268,3679,3787,3144,146216,
"Fadden",57894,13889,234,285,7867,27546,1763,93,232,121,64,6548,863,6,8501,1077,9,1499,1222,243,96,119,68,207,122,2473,5970,12376,4443,9040,4730,169599,
"Fairfax",55754,11620,204,255,6405,25047,1388,40,192,59,53,5414,619,4,6594,791,11,1075,967,170,81,49,38,112,100,1904,5130,13161,5293,5848,5084,153467,
"Fisher",51338,10242,137,255,6026,21620,1355,55,195,73,54,4951,640,11,6330,739,10,949,822,206,89,72,38,96,91,1698,4429,12302,4802,5035,5516,140168,
"Flynn",52047,12899,101,183,5566,28485,1872,184,323,133,61,4098,585,25,5950,640,14,982,680,226,98,61,50,119,133,1263,3402,12770,6559,9638,6330,155484,
"Forde",54346,13701,185,327,8283,31614,2200,168,377,199,136,6340,885,27,9581,1274,9,1772,1461,283,109,138,105,310,188,2627,3898,9748,4651,7353,3254,165537,
"Griffith",45739,14823,721,623,5003,22284,844,33,76,54,33,5982,528,9,4874,396,0,2361,516,128,73,185,78,190,91,2996,13978,16588,4901,7420,6068,157606,
"Groom",52122,9357,126,156,6212,26100,1506,208,272,147,62,5265,550,30,6533,704,7,1208,641,198,80,104,53,117,95,1319,3959,14031,5026,6334,6332,148864,
"Herbert",45512,14936,223,359,7758,27469,1924,141,448,211,78,5504,715,14,6647,816,7,1648,882,301,128,134,85,247,183,1820,6220,13922,5421,7635,8601,159999,
"Hinkler",50982,9874,107,168,6876,20637,1527,109,283,93,79,3934,593,14,6141,727,16,998,986,247,114,65,60,111,93,1384,4010,14607,5766,6355,4748,141717,
"Kennedy",48064,13190,84,148,6744,25611,1490,263,541,298,73,4030,462,34,7138,685,17,1332,842,388,139,153,121,268,222,1498,3496,14483,5999,10004,7583,155394,
"Leichhardt",46142,17354,416,367,8700,29627,1607,170,783,356,94,4928,581,14,7325,847,10,1701,1086,452,197,211,205,495,410,2012,6567,16018,6305,11273,9205,175451,
"Lilley",52605,12359,481,481,6480,24603,1138,72,144,109,59,6177,637,13,7499,654,5,2208,892,235,104,159,90,244,107,2146,6722,15768,4005,4522,4661,155380,
"Longman",55256,12617,133,276,7886,27552,2348,144,362,163,89,5691,934,21,8519,1326,10,1222,1267,303,127,79,58,154,141,2215,4125,11269,5093,6773,4414,160600,
"Maranoa",51279,10861,67,115,5724,24959,1495,117,335,105,59,3600,465,10,5857,572,5,993,609,260,116,78,52,104,111,1267,3250,15277,6697,8518,6302,149264,
"McPherson",51233,11542,184,234,7277,23959,1217,79,203,77,53,6020,687,6,7482,889,8,1225,1021,236,123,94,57,149,95,1988,6102,12828,4467,6612,5426,151575,
"Moncrieff",47480,13877,405,265,7143,19314,1072,43,142,89,44,5022,559,7,6650,751,7,1667,962,176,86,127,61,140,127,2647,11318,18335,4919,10167,7124,160732,
"Moreton",54020,9001,305,361,5851,24975,913,45,199,118,82,7549,488,4,7429,549,4,2402,1089,234,105,297,111,352,215,5275,11163,10853,4298,5354,4428,158070,
"Oxley",54431,10243,184,312,7862,31833,1774,133,389,239,128,8084,851,17,9251,1020,15,2085,1346,278,129,221,128,418,174,2287,3686,8949,4065,7046,5626,163207,
"Petrie",55857,12437,222,406,8128,28328,1994,120,291,135,82,6026,860,11,8387,1067,9,1618,1143,262,134,153,67,215,125,1905,4259,14332,4235,5876,4594,163268,
"Rankin",59027,11748,137,252,9319,35778,1895,116,438,272,129,8031,879,15,11163,1161,11,2319,1632,355,147,291,130,476,208,3203,5287,9576,4439,7820,2915,179171,
"Ryan",55012,9373,318,286,4738,25577,955,24,90,54,32,8400,650,5,6029,517,3,1821,680,120,56,135,44,146,106,2104,11260,10427,4031,4166,8177,155348,
"Wide Bay",51132,10647,158,193,6656,21132,1419,123,327,88,75,4254,535,14,6462,724,13,944,826,249,100,45,46,104,112,1450,3974,14396,5744,6796,5347,144096,
"Wright",57596,11484,176,211,5829,27958,1858,214,350,144,123,6047,819,46,8386,1186,19,1104,1385,234,100,70,55,139,119,2182,3477,8435,4630,7944,4098,156442,
"No usual address (Qld)",0,0,0,0,0,0,0,0,0,0,0,0,0,0,0,0,0,0,0,0,0,0,0,0,0,0,0,0,9638,0,2876,12515,
"Migratory - Offshore - Shipping (Qld)",0,0,0,0,0,0,0,0,0,0,0,0,0,0,0,0,0,0,0,0,0,0,0,0,0,0,0,0,17,0,133,152,
"Adelaide",50698,10970,519,471,5657,21583,734,40,104,82,47,6785,545,8,6155,411,10,2240,587,175,84,225,70,180,95,1984,12447,20422,4874,6075,9161,163440,
"Barker",53504,11039,78,140,5901,22935,1513,185,221,118,45,4805,620,16,6145,665,15,919,411,239,105,66,46,97,54,1062,3280,17014,6875,5620,5769,149501,
"Boothby",55730,9013,172,257,5522,22141,849,64,117,48,32,7637,722,4,7218,599,3,1311,554,167,87,102,47,135,55,1419,4745,14111,4220,3457,5290,145832,
"Grey",47121,11677,50,126,5849,21480,1306,200,368,186,60,3911,512,26,5545,580,15,850,450,287,106,128,71,166,116,755,2551,17885,7827,6307,7017,143524,
"Hindmarsh",53185,9972,247,350,5931,19802,816,43,147,63,35,6458,559,14,7657,580,4,1906,622,179,84,147,45,156,92,1593,6724,19944,4602,4465,4818,151244,
"Kingston",50842,12223,120,272,7984,24293,1649,136,234,95,54,6041,807,18,7984,989,11,1028,631,245,114,50,50,112,84,1232,3133,14308,4850,4722,3604,147907,
"Makin",56902,9661,146,211,6745,23923,1180,89,171,93,38,7038,772,19,8706,939,10,1362,694,207,80,97,57,198,94,1272,3407,13031,4264,3482,4644,149515,
"Mayo",56109,10082,171,281,4811,21525,1153,114,141,47,29,6137,711,22,6210,676,17,688,536,152,52,20,22,59,34,770,2057,12785,5692,4703,4541,140368,
"Port Adelaide",52209,11533,237,393,9453,26440,1338,96,363,166,93,7755,677,16,10613,1023,4,2083,1136,361,179,192,128,349,140,1946,4992,17342,4816,5184,3821,165088,
"Sturt",57701,7215,233,201,5851,22383,765,50,115,66,36,8203,603,4,7580,501,3,1501,665,159,98,112,39,164,92,1531,4767,16338,3958,3241,4988,149159,
"Wakefield",52900,12886,175,248,9424,30122,1887,221,394,216,65,6866,898,25,9054,1161,20,1455,910,306,124,146,61,209,114,1667,3756,15935,5707,7061,4185,168207,
"No usual address (SA)",0,0,0,0,0,0,0,0,0,0,0,0,0,0,0,0,0,0,0,0,0,0,0,0,0,0,0,0,2332,0,528,2862,
"Migratory - Offshore - Shipping (SA)",0,0,0,0,0,0,0,0,0,0,0,0,0,0,0,0,0,0,0,0,0,0,0,0,0,0,0,0,0,0,8,8,
"Brand",53130,14059,180,265,7223,31226,2103,138,366,174,81,6154,929,22,7659,1146,19,1416,889,284,99,102,46,181,113,1568,3095,11421,4744,7914,7293,164025,
"Burt",60192,10903,125,227,7396,32459,1673,157,371,180,79,7983,717,14,9374,995,17,2233,1244,263,115,229,94,353,157,2322,3947,10778,3813,5924,4450,168783,
"Canning",52817,11624,123,233,5776,23856,1640,183,307,122,55,5212,695,23,6877,882,11,973,743,247,81,76,45,121,78,1238,2535,11766,5746,6269,5677,146016,
"Cowan",54466,9244,129,177,6304,28010,1291,108,306,147,63,7960,700,21,9427,961,9,1668,1010,228,82,183,75,336,114,1671,3097,8754,3262,4430,3297,147537,
"Curtin",49833,9706,252,221,4224,22585,613,13,39,46,21,7736,508,0,4825,330,3,1396,418,129,62,88,35,110,62,1251,6170,14975,3723,5925,7790,143092,
"Durack",46219,17503,102,208,6142,29483,1779,218,877,595,134,3526,467,17,5781,736,10,1427,754,536,185,255,225,478,341,1504,3744,14355,8057,12123,23995,181762,
"Forrest",51181,11932,102,204,5797,25888,1555,142,279,102,42,4853,601,16,5714,727,12,812,514,196,79,49,37,79,74,1239,3097,12127,7111,7102,6098,147770,
"Fremantle",50772,12177,181,348,5938,24720,1071,48,187,63,45,6349,643,8,7334,678,0,1407,697,206,76,124,59,165,95,1656,4906,13139,4067,6620,4956,148741,
"Hasluck",50950,10098,144,250,5984,23455,1201,110,337,125,66,6167,685,24,8060,914,7,1471,862,246,85,150,64,218,139,1725,3318,10971,4043,5359,6398,143625,
"Moore",58048,8719,95,163,4747,24599,992,78,137,46,27,8440,740,4,8522,797,3,1058,637,166,63,61,27,98,44,1008,2489,8142,3174,3306,3826,140262,
"O'Connor",50318,13397,72,153,5511,25413,1545,115,531,174,60,3807,538,24,6142,703,5,1010,585,305,106,102,77,201,132,1095,3101,15212,7566,9692,8625,156319,
"Pearce",62411,15277,197,316,7538,35900,1936,204,334,175,79,7817,906,19,8278,1119,11,1536,1084,214,75,126,60,203,99,1687,3150,10566,4774,9273,6392,181766,
"Perth",47113,13142,877,541,4802,19117,702,29,94,57,34,5158,418,4,5729,467,8,1907,571,167,73,209,83,218,90,2069,9702,18041,4055,8395,7208,151089,
"Stirling",51567,10261,285,264,5764,22562,799,37,184,100,44,6085,528,6,6901,509,0,2124,729,240,97,279,75,266,124,2081,6045,16214,3793,6171,3881,147993,
"Swan",49257,12351,392,393,5509,21744,840,34,185,100,62,5344,478,3,6039,546,8,3175,736,188,110,370,97,277,115,3797,12198,17455,4547,9568,7284,163199,
"Tangney",55324,6221,79,123,4694,22037,718,35,133,59,27,8947,593,7,7597,508,9,1487,707,175,66,110,48,235,79,1512,3429,10295,3051,3253,4478,136035,
"No usual address (WA)",0,0,0,0,0,0,0,0,0,0,0,0,0,0,0,0,0,0,0,0,0,0,0,0,0,0,0,0,4333,0,1616,5950,
"Migratory - Offshore - Shipping (WA)",0,0,0,0,0,0,0,0,0,0,0,0,0,0,0,0,0,0,0,0,0,0,0,0,0,0,0,0,7,0,425,431,
"Bass",32743,7738,120,129,4703,15369,1068,65,141,55,45,3725,452,16,4413,453,11,798,335,165,88,50,28,56,37,704,3101,12189,4135,4373,4093,101389,
"Braddon",32775,8062,66,106,4637,14691,1225,102,178,50,31,3068,479,19,4229,512,6,501,291,157,70,27,13,35,41,598,1891,11855,4381,3438,3505,97058,
"Denison",30163,8670,262,264,4744,14475,875,83,109,75,28,3934,492,13,3996,438,11,925,386,154,93,56,38,78,67,1146,5532,13109,3905,3911,4554,102574,
"Franklin",37196,8899,154,235,4709,16855,1115,86,161,55,25,4144,556,16,4612,533,6,647,407,150,66,34,14,43,49,665,1918,10367,3997,2980,3748,104446,
"Lyons",35937,9117,134,153,4626,15274,1135,139,242,86,32,3199,480,11,4696,552,6,547,423,186,71,32,32,71,72,659,1802,10997,4939,4776,3067,103509,
"No usual address (Tas.)",0,0,0,0,0,0,0,0,0,0,0,0,0,0,0,0,0,0,0,0,0,0,0,0,0,0,0,0,766,0,150,911,
"Migratory - Offshore - Shipping (Tas.)",0,0,0,0,0,0,0,0,0,0,0,0,0,0,0,0,0,0,0,0,0,0,0,0,0,0,0,0,4,0,68,75,
"Lingiari",27776,9312,111,192,4598,19310,972,160,1266,1132,153,2388,289,10,5447,659,10,1474,924,790,209,441,374,1068,1101,1300,2458,6458,4194,8900,11065,114543,
"Solomon",32494,11612,224,221,4006,19171,1050,171,221,115,111,3321,444,12,4065,614,5,1188,633,181,87,143,72,266,112,2318,5351,7873,3715,8434,5886,114116,
"No usual address (NT)",0,0,0,0,0,0,0,0,0,0,0,0,0,0,0,0,0,0,0,0,0,0,0,0,0,0,0,0,1878,0,611,2485,
"Migratory - Offshore - Shipping (NT)",0,0,0,0,0,0,0,0,0,0,0,0,0,0,0,0,0,0,0,0,0,0,0,0,0,0,0,0,0,0,73,73,
"Canberra",67591,13946,510,481,7241,30229,1430,75,233,85,35,8772,828,14,8779,854,4,1437,870,210,91,110,76,214,82,1591,5804,18781,6330,6731,12594,196042,
"Fenner",69826,15411,531,791,6991,36609,1543,81,192,113,60,8097,800,13,7397,790,3,2007,990,157,87,187,81,282,136,2953,10690,16901,5834,6732,6681,202954,
"No usual address (ACT)",0,0,0,0,0,0,0,0,0,0,0,0,0,0,0,0,0,0,0,0,0,0,0,0,0,0,0,0,416,0,127,541,
"Migratory - Offshore - Shipping (ACT)",0,0,0,0,0,0,0,0,0,0,0,0,0,0,0,0,0,0,0,0,0,0,0,0,0,0,0,0,0,0,0,0,
"No usual address (OT)",0,0,0,0,0,0,0,0,0,0,0,0,0,0,0,0,0,0,0,0,0,0,0,0,0,0,0,0,44,0,12,54,
"Migratory - Offshore - Shipping (OT)",0,0,0,0,0,0,0,0,0,0,0,0,0,0,0,0,0,0,0,0,0,0,0,0,0,0,0,0,0,0,4,4,
"Total",8087908,1574892,45502,44574,959545,3814928,177728,14978,37736,18398,8704,1000933,92142,2218,1214518,112896,1230,234325,139615,35824,15935,22350,11325,33946,19312,279916,825381,2023541,741837,976421,833314,23401891,

"Data Source: Census of Population and Housing, 2016, TableBuilder"

"INFO","Cells in this table have been randomly adjusted to avoid the release of confidential data. No reliance should be placed on small cells."


"Copyright Commonwealth of Australia, 2018, see abs.gov.au/copyright"
"ABS data licensed under Creative Commons, see abs.gov.au/ccby"
